3.445002144107576214e-01 8.800000000000000000e+01
3.990727982868365054e-01 4.200000000000000000e+01
5.455128605692165511e-01 8.500000000000000000e+01
6.616776780977899897e-01 7.200000000000000000e+01
6.742373403876895654e-01 2.500000000000000000e+01
6.798297428092594519e-01 1.000000000000000000e+01
6.936024283621157194e-01 2.300000000000000000e+01
7.146024292620258844e-01 5.900000000000000000e+01
7.457859943079210296e-01 7.900000000000000000e+01
8.015109662913123545e-01 3.100000000000000000e+01
8.027928177893529638e-01 6.600000000000000000e+01
8.065603104566816395e-01 8.000000000000000000e+00
8.181342936096109852e-01 1.300000000000000000e+01
8.223912428674224895e-01 2.400000000000000000e+01
8.364146779683780952e-01 2.100000000000000000e+01
8.428522317592868074e-01 6.700000000000000000e+01
8.448032739570927596e-01 1.110000000000000000e+02
8.489887938132115730e-01 1.550000000000000000e+02
8.553368335805037193e-01 6.200000000000000000e+01
8.567451267387466984e-01 2.000000000000000000e+01
8.655892194007166474e-01 7.100000000000000000e+01
8.738961515629395382e-01 6.500000000000000000e+01
8.755527658137203240e-01 3.000000000000000000e+00
8.776127483861819734e-01 6.000000000000000000e+01
8.793918689780539921e-01 1.590000000000000000e+02
8.795398136657918142e-01 1.000000000000000000e+02
8.919580836808543856e-01 3.300000000000000000e+01
9.030892403682635461e-01 7.000000000000000000e+01
9.034281419482759201e-01 1.610000000000000000e+02
9.036261452555250928e-01 3.500000000000000000e+01
9.124136399736055836e-01 1.700000000000000000e+01
9.262715874926372717e-01 6.400000000000000000e+01
9.330689561209363214e-01 1.650000000000000000e+02
9.350519563067031248e-01 1.010000000000000000e+02
9.355599600065166443e-01 1.660000000000000000e+02
9.379219597159457189e-01 6.900000000000000000e+01
9.428714841156554671e-01 2.900000000000000000e+01
9.444902129135198665e-01 9.600000000000000000e+01
9.473320575530643772e-01 1.310000000000000000e+02
9.487150056090273287e-01 5.700000000000000000e+01
9.512795907912202642e-01 2.700000000000000000e+01
9.550408582804599256e-01 7.600000000000000000e+01
9.577323699481281594e-01 5.000000000000000000e+00
9.584010294445292066e-01 6.800000000000000000e+01
9.615344807148554773e-01 4.100000000000000000e+01
9.658598680622835220e-01 5.800000000000000000e+01
9.658862111850461396e-01 1.200000000000000000e+01
9.662536871826411522e-01 1.030000000000000000e+02
9.666644900283714037e-01 6.300000000000000000e+01
9.673216010493044248e-01 3.200000000000000000e+01
9.722185851144650170e-01 1.000000000000000000e+00
9.723162313561606318e-01 1.100000000000000000e+01
9.735740176725289352e-01 7.000000000000000000e+00
9.742438324888128554e-01 8.300000000000000000e+01
9.750428808444135953e-01 4.800000000000000000e+01
9.763050836003180910e-01 6.000000000000000000e+00
9.774025694482141313e-01 3.400000000000000000e+01
9.793958604072158236e-01 7.800000000000000000e+01
9.797395280475358348e-01 1.740000000000000000e+02
9.798182075371737465e-01 1.130000000000000000e+02
9.799168022064912442e-01 6.100000000000000000e+01
9.802373716624759314e-01 8.600000000000000000e+01
9.802760825268651557e-01 9.500000000000000000e+01
9.806998087391133323e-01 2.200000000000000000e+01
9.813214863528141318e-01 1.730000000000000000e+02
9.814555608624367933e-01 4.000000000000000000e+00
9.827802285150157857e-01 1.530000000000000000e+02
9.829349326762605310e-01 7.500000000000000000e+01
9.836504835649337863e-01 9.100000000000000000e+01
9.837751228453692764e-01 9.000000000000000000e+01
9.842658344044051821e-01 3.800000000000000000e+01
9.845047055832066851e-01 1.210000000000000000e+02
9.858867101228807606e-01 4.400000000000000000e+01
9.859619567482933444e-01 1.770000000000000000e+02
9.862428187919929368e-01 1.320000000000000000e+02
9.863284825828287916e-01 1.240000000000000000e+02
9.864927612535238088e-01 1.250000000000000000e+02
9.867301873705177639e-01 7.400000000000000000e+01
9.874023830438483085e-01 1.500000000000000000e+02
9.874365002532917712e-01 1.190000000000000000e+02
9.885820660198372245e-01 1.490000000000000000e+02
9.888946962604733271e-01 1.390000000000000000e+02
9.890511609057559550e-01 3.000000000000000000e+01
9.890767058364734465e-01 5.100000000000000000e+01
9.896235020290692352e-01 1.060000000000000000e+02
9.897424845433446805e-01 1.570000000000000000e+02
9.897429257345335962e-01 5.500000000000000000e+01
9.897602780326458793e-01 1.370000000000000000e+02
9.903599846015340713e-01 1.580000000000000000e+02
9.903646493658337935e-01 2.800000000000000000e+01
9.904358552243460734e-01 1.300000000000000000e+02
9.904380107781000087e-01 1.340000000000000000e+02
9.904390480955825860e-01 5.200000000000000000e+01
9.904425324926500185e-01 1.510000000000000000e+02
9.905382552015228326e-01 4.300000000000000000e+01
9.905515491603374967e-01 1.600000000000000000e+01
9.907207488013359820e-01 1.400000000000000000e+02
9.907536706490598366e-01 9.400000000000000000e+01
9.909575613844425757e-01 1.470000000000000000e+02
9.910245376413027163e-01 1.410000000000000000e+02
9.910965061213961036e-01 5.000000000000000000e+01
9.914365141912340196e-01 9.000000000000000000e+00
9.914530703733143158e-01 1.440000000000000000e+02
9.916652229329320223e-01 5.300000000000000000e+01
9.917708873814832238e-01 7.700000000000000000e+01
9.919062259680536675e-01 1.380000000000000000e+02
9.919328300501679685e-01 1.500000000000000000e+01
9.921008837962602689e-01 1.520000000000000000e+02
9.921610921090669999e-01 1.400000000000000000e+01
9.923732321214319141e-01 2.000000000000000000e+00
9.926127039166903199e-01 1.180000000000000000e+02
9.928207311527120771e-01 4.700000000000000000e+01
9.929527800794080150e-01 3.900000000000000000e+01
9.931063762531833206e-01 1.260000000000000000e+02
9.932935220739591564e-01 4.500000000000000000e+01
9.933756762001627605e-01 5.400000000000000000e+01
9.934057228797573691e-01 1.480000000000000000e+02
9.934546760495621687e-01 1.330000000000000000e+02
9.937251393616686190e-01 1.290000000000000000e+02
9.939566243816759794e-01 9.300000000000000000e+01
9.939834041672533926e-01 7.300000000000000000e+01
9.941021402414487174e-01 4.000000000000000000e+01
9.945510425960032430e-01 1.430000000000000000e+02
9.946045286020884779e-01 1.900000000000000000e+01
9.947023708538791364e-01 1.150000000000000000e+02
9.948724377508568750e-01 1.420000000000000000e+02
9.949019988812929371e-01 4.900000000000000000e+01
9.951158538480271432e-01 8.000000000000000000e+01
9.952023547351090960e-01 1.690000000000000000e+02
9.952393818131261005e-01 1.560000000000000000e+02
9.953176337584057620e-01 4.600000000000000000e+01
9.953281959123859712e-01 5.600000000000000000e+01
9.954142008388436880e-01 1.050000000000000000e+02
9.954574437317955660e-01 1.350000000000000000e+02
9.954986066504299957e-01 1.600000000000000000e+02
9.956567358513475074e-01 8.900000000000000000e+01
9.958664790591694738e-01 3.600000000000000000e+01
9.958889932797159172e-01 1.100000000000000000e+02
9.960529992879798566e-01 1.710000000000000000e+02
9.961563320064193983e-01 1.450000000000000000e+02
9.961908602532544288e-01 1.230000000000000000e+02
9.962691903460705323e-01 1.540000000000000000e+02
9.964235014444984273e-01 1.080000000000000000e+02
9.964376381730311039e-01 1.620000000000000000e+02
9.965485865527780041e-01 1.360000000000000000e+02
9.965627726528824004e-01 1.120000000000000000e+02
9.965855459025374508e-01 1.630000000000000000e+02
9.966319400730918598e-01 8.100000000000000000e+01
9.966647449727221719e-01 1.760000000000000000e+02
9.967244246806715724e-01 1.680000000000000000e+02
9.967847839028075585e-01 1.170000000000000000e+02
9.972541086826716139e-01 8.400000000000000000e+01
9.972595766088575564e-01 1.800000000000000000e+01
9.972706571614290416e-01 1.270000000000000000e+02
9.973379995816097354e-01 8.700000000000000000e+01
9.975666903992899126e-01 1.640000000000000000e+02
9.975721669546260273e-01 1.140000000000000000e+02
9.975855604439251012e-01 1.020000000000000000e+02
9.976739289103677688e-01 1.670000000000000000e+02
9.977016515370558114e-01 1.040000000000000000e+02
9.978338772881636398e-01 2.600000000000000000e+01
9.978495996542502411e-01 1.160000000000000000e+02
9.980489158588257137e-01 1.280000000000000000e+02
9.981692654719350744e-01 1.750000000000000000e+02
9.982502930789599604e-01 1.700000000000000000e+02
9.988869681517184018e-01 8.200000000000000000e+01
9.991522847459620715e-01 1.720000000000000000e+02
9.992057854708599196e-01 9.900000000000000000e+01
9.993934407905329387e-01 9.200000000000000000e+01
9.994113232602012120e-01 1.460000000000000000e+02
9.994207813913184024e-01 9.700000000000000000e+01
9.995223181134157420e-01 1.200000000000000000e+02
9.995524220744944621e-01 1.220000000000000000e+02
9.995973099304275022e-01 1.070000000000000000e+02
9.997892360612306017e-01 9.800000000000000000e+01
9.999039634777364682e-01 1.090000000000000000e+02
