3.855921051770997199e+00 1.090000000000000000e+02
3.633893585839424123e+00 9.800000000000000000e+01
3.443862739203596757e+00 1.070000000000000000e+02
3.412159403042847039e+00 1.220000000000000000e+02
3.392530729363068875e+00 1.200000000000000000e+02
3.333946834111526591e+00 9.700000000000000000e+01
3.328991073861387040e+00 1.460000000000000000e+02
3.319821598726649725e+00 9.200000000000000000e+01
3.236418889836765178e+00 9.900000000000000000e+01
3.216022775932263489e+00 1.720000000000000000e+02
3.129833229707237763e+00 8.200000000000000000e+01
2.982843179783103871e+00 1.700000000000000000e+02
2.967853657222387476e+00 1.750000000000000000e+02
2.946681227721817731e+00 1.280000000000000000e+02
2.914126488310226026e+00 1.160000000000000000e+02
2.911678056076460130e+00 2.600000000000000000e+01
2.891709104152627052e+00 1.040000000000000000e+02
2.887656503557142873e+00 1.670000000000000000e+02
2.875027798169419668e+00 1.020000000000000000e+02
2.873150845006501086e+00 1.140000000000000000e+02
2.872386097867729138e+00 1.640000000000000000e+02
2.841780882386941709e+00 8.700000000000000000e+01
2.833227351668822003e+00 1.270000000000000000e+02
2.831838482188337114e+00 1.800000000000000000e+01
2.831155007655631994e+00 8.400000000000000000e+01
2.776676269681800591e+00 1.170000000000000000e+02
2.770205043185422600e+00 1.680000000000000000e+02
2.763912639259544335e+00 1.760000000000000000e+02
2.760497371643362730e+00 8.100000000000000000e+01
2.755718706510028149e+00 1.630000000000000000e+02
2.753394624577870875e+00 1.120000000000000000e+02
2.751953964241871997e+00 1.360000000000000000e+02
2.740868981377814873e+00 1.620000000000000000e+02
2.739479198087312106e+00 1.080000000000000000e+02
2.724625291116302694e+00 1.540000000000000000e+02
2.717297739589003669e+00 1.230000000000000000e+02
2.714111103791830182e+00 1.450000000000000000e+02
2.704727394764016246e+00 1.710000000000000000e+02
2.690282021434058368e+00 1.100000000000000000e+02
2.688339968257196677e+00 3.600000000000000000e+01
2.670694528639791621e+00 8.900000000000000000e+01
2.657894522971324225e+00 1.600000000000000000e+02
2.654629329454460507e+00 1.350000000000000000e+02
2.651227848334333004e+00 1.050000000000000000e+02
2.644548062297148672e+00 5.600000000000000000e+01
2.643735406925102005e+00 4.600000000000000000e+01
2.637765769263201054e+00 1.560000000000000000e+02
2.634971916783847679e+00 1.690000000000000000e+02
2.628520206691496330e+00 8.000000000000000000e+01
2.613002002180751848e+00 4.900000000000000000e+01
2.610903325433441946e+00 1.420000000000000000e+02
2.599037319986875705e+00 1.150000000000000000e+02
2.592365313365716517e+00 1.900000000000000000e+01
2.588763966463988542e+00 1.430000000000000000e+02
2.559732649749633548e+00 4.000000000000000000e+01
2.552386594728301983e+00 7.300000000000000000e+01
2.550747776001542899e+00 9.300000000000000000e+01
2.536847362771718739e+00 1.290000000000000000e+02
2.521177574397694965e+00 1.330000000000000000e+02
2.518403604164160203e+00 1.480000000000000000e+02
2.516710109082351376e+00 5.400000000000000000e+01
2.512114609174229685e+00 4.500000000000000000e+01
2.501831487593113135e+00 1.260000000000000000e+02
2.493576811713313912e+00 3.900000000000000000e+01
2.486607772739934052e+00 4.700000000000000000e+01
2.475857879564889785e+00 1.180000000000000000e+02
2.463812795714511950e+00 2.000000000000000000e+00
2.453421090045524888e+00 1.400000000000000000e+01
2.450517468105586349e+00 1.520000000000000000e+02
2.442515976704336733e+00 1.500000000000000000e+01
2.441262922809529279e+00 1.380000000000000000e+02
2.434944693076261935e+00 7.700000000000000000e+01
2.430075765645403507e+00 5.300000000000000000e+01
2.420463538330684727e+00 1.440000000000000000e+02
2.419722364764498312e+00 9.000000000000000000e+00
2.404776012243599936e+00 5.000000000000000000e+01
2.401677507056983352e+00 1.410000000000000000e+02
2.398813683940471453e+00 1.470000000000000000e+02
2.390209961377696146e+00 9.400000000000000000e+01
2.388836543620043162e+00 1.400000000000000000e+02
2.381845380038933424e+00 1.600000000000000000e+01
2.381300799865118112e+00 4.300000000000000000e+01
2.377399462260058272e+00 1.510000000000000000e+02
2.377258103907114783e+00 5.200000000000000000e+01
2.377216029834110511e+00 1.340000000000000000e+02
2.377128612513261352e+00 1.300000000000000000e+02
2.374250661377880878e+00 2.800000000000000000e+01
2.374062782132543070e+00 1.580000000000000000e+02
2.350553880108778859e+00 1.370000000000000000e+02
2.349891966851516134e+00 5.500000000000000000e+01
2.349875150266807378e+00 1.570000000000000000e+02
2.345363132906105985e+00 1.060000000000000000e+02
2.325197515618199873e+00 5.100000000000000000e+01
2.324277379717262448e+00 3.000000000000000000e+01
2.318682423842227003e+00 1.390000000000000000e+02
2.307708170333486741e+00 1.490000000000000000e+02
2.269632244946129251e+00 1.190000000000000000e+02
2.268545778047663219e+00 1.500000000000000000e+02
2.247648970092485765e+00 7.400000000000000000e+01
2.240489222350762422e+00 1.250000000000000000e+02
2.235599452875268067e+00 1.240000000000000000e+02
2.233070008130553674e+00 1.320000000000000000e+02
2.224872273701526737e+00 1.770000000000000000e+02
2.222700337841983842e+00 4.400000000000000000e+01
2.184504965154873801e+00 1.210000000000000000e+02
2.178206129867666707e+00 3.800000000000000000e+01
2.165522950689179993e+00 9.000000000000000000e+01
2.162354559467350335e+00 9.100000000000000000e+01
2.144560115642847098e+00 7.500000000000000000e+01
2.140798114762143545e+00 1.530000000000000000e+02
2.109730044297877694e+00 4.000000000000000000e+00
2.106693357418143897e+00 1.730000000000000000e+02
2.092853777043384156e+00 2.200000000000000000e+01
2.083639340069331602e+00 9.500000000000000000e+01
2.082806041898868088e+00 8.600000000000000000e+01
2.075958819941484901e+00 6.100000000000000000e+01
2.073871772939349434e+00 1.130000000000000000e+02
2.072212565267715689e+00 1.740000000000000000e+02
2.065029490315320793e+00 7.800000000000000000e+01
2.025285113442404139e+00 3.400000000000000000e+01
2.004666086611087472e+00 6.000000000000000000e+00
1.981935270898538271e+00 4.800000000000000000e+01
1.968045527685981844e+00 8.300000000000000000e+01
1.956681065533286912e+00 7.000000000000000000e+00
1.935984007051325229e+00 1.100000000000000000e+01
1.934410694494025140e+00 1.000000000000000000e+00
1.860906195202414626e+00 3.200000000000000000e+01
1.851758556992368243e+00 6.300000000000000000e+01
1.846115945094025212e+00 1.030000000000000000e+02
1.841116775638767411e+00 1.200000000000000000e+01
1.840760128547325625e+00 5.800000000000000000e+01
1.785081567861358742e+00 4.100000000000000000e+01
1.747897705897861087e+00 6.800000000000000000e+01
1.740262693088976409e+00 5.000000000000000000e+00
1.710496234213076949e+00 7.600000000000000000e+01
1.671243618691637955e+00 2.700000000000000000e+01
1.645866314210812975e+00 5.700000000000000000e+01
1.632603992600678566e+00 1.310000000000000000e+02
1.606206178127296047e+00 9.600000000000000000e+01
1.591650161720099321e+00 2.900000000000000000e+01
1.549090938651809690e+00 6.900000000000000000e+01
1.529722429355040658e+00 1.660000000000000000e+02
1.525630095137883613e+00 1.010000000000000000e+02
1.509892453382607247e+00 1.650000000000000000e+02
1.458572390308031652e+00 6.400000000000000000e+01
1.364336515291346696e+00 1.700000000000000000e+01
1.310311366751697904e+00 3.500000000000000000e+01
1.309137320042749630e+00 1.610000000000000000e+02
1.307131978132910266e+00 7.000000000000000000e+01
1.243972937100918275e+00 3.300000000000000000e+01
1.178884831941225730e+00 1.000000000000000000e+02
1.178139142216384938e+00 1.590000000000000000e+02
1.169222440656403794e+00 6.000000000000000000e+01
1.159012504594708837e+00 3.000000000000000000e+00
1.150888339752415224e+00 6.500000000000000000e+01
1.111245395745850795e+00 7.100000000000000000e+01
1.070870166386488576e+00 2.000000000000000000e+01
1.064600511164399022e+00 6.200000000000000000e+01
1.036843633501312256e+00 1.550000000000000000e+02
1.018970898614831810e+00 1.110000000000000000e+02
1.010749920441560423e+00 6.700000000000000000e+01
9.840961310811497942e-01 2.100000000000000000e+01
9.283254100755674587e-01 2.400000000000000000e+01
9.119596619495697887e-01 1.300000000000000000e+01
8.686507326460803924e-01 8.000000000000000000e+00
8.549019239855223384e-01 6.600000000000000000e+01
8.502608480800701862e-01 3.100000000000000000e+01
6.633961259622791484e-01 7.900000000000000000e+01
5.685420282806185055e-01 5.900000000000000000e+01
5.074971102201544237e-01 2.300000000000000000e+01
4.684846404425393462e-01 1.000000000000000000e+01
4.528496153209356501e-01 2.500000000000000000e+01
4.181313172737419204e-01 7.200000000000000000e+01
4.012410216454452838e-01 8.800000000000000000e+01
2.563514467505477179e-01 4.200000000000000000e+01
1.145889766126801101e-01 8.500000000000000000e+01
